W 4 108 34 147
e 35 108 47 123
S 57 109 76 133
t 76 98 90 143
a 91 110 101 123
R 102 111 114 126
t 113 101 126 146
W 140 107 163 139
i 168 106 171 131
t 172 99 185 140
h 187 108 199 137
G 214 105 233 137
o 237 107 248 121
od 252 105 280 129
B 17 52 29 75
e 30 53 40 65
c 41 53 48 63
a 50 53 58 62
u 60 53 67 63
s 68 52 77 64
e 81 53 91 65
a 104 55 113 65
l 115 55 118 70
l 120 54 122 70
b 138 54 147 74
u 138 54 155 74
s 156 55 164 65
i 165 55 168 66
n 170 54 190 66
e 183 54 192 74
s 190 55 198 66
s 199 55 206 66
e 207 56 215 67
s 218 56 226 66
s 239 57 249 68
h 249 57 260 74
o 261 58 268 67
u 269 58 278 67
l 279 58 282 71
d 284 59 296 74
b 16 14 29 45
be 20 24 42 41
d 52 25 61 41
o 62 25 70 35
i 71 25 74 39
n 79 4 83 46
g 75 8 97 36
some 109 26 155 38
th 156 21 176 43
i 177 28 179 37
ng 180 4 201 37
g 216 13 229 37
o 232 28 240 38
o 241 28 249 37
d 251 28 264 42
. 271 29 273 31
